rArray=3.948544e+06,1.409024e+06,2.826240e+06,2.924544e+06,2.473984e+06,1.712128e+06,8.519680e+05,3.997696e+06,1.900544e+06,2.793472e+06,3.350528e+06,1.769472e+06,1.179648e+06,3.244032e+06,8.929280e+05,2.768896e+06,2.162688e+06,3.645440e+06,1.351680e+06,3.137536e+06,2.228224e+06,2.596864e+06,3.121152e+06,1.613824e+06,2.416640e+06,2.416640e+06,3.424256e+06,1.449984e+06,2.637824e+06,1.695744e+06,
cArray=1.314000e+03,1.406000e+03,5.590000e+02,9.320000e+02,1.023000e+03,6.840000e+02,9.350000e+02,8.430000e+02,1.485000e+03,9.560000e+02,1.108000e+03,7.020000e+02,1.022000e+03,1.211000e+03,8.260000e+02,5.610000e+02,8.030000e+02,8.000000e+02,1.140000e+03,8.810000e+02,7.680000e+02,6.920000e+02,5.800000e+02,9.320000e+02,9.030000e+02,1.295000e+03,7.780000e+02,1.362000e+03,1.310000e+03,6.240000e+02,
pArray=4.970000e-14,1.166000e-12,1.491000e-15,1.753000e-17,1.406000e-17,7.310000e-17,2.120000e-20,5.170000e-15,1.457000e-16,7.200000e-22,1.168000e-15,1.673000e-19,1.896000e-12,1.009000e-18,7.280000e-16,1.687000e-20,1.782000e-15,6.300000e-22,3.410000e-19,1.125000e-13,1.820000e-19,1.043000e-20,1.550000e-17,2.770000e-21,6.140000e-18,1.253000e-17,3.250000e-19,2.890000e-13,2.830000e-19,9.570000e-21,
fArray=9.000000e+08,7.000000e+08,5.000000e+08,1.000000e+08,6.000000e+08,6.000000e+08,6.000000e+08,1.000000e+09,9.000000e+08,4.000000e+08,6.000000e+08,1.000000e+08,4.000000e+08,8.000000e+08,4.000000e+08,3.000000e+08,2.000000e+08,9.000000e+08,1.000000e+08,8.000000e+08,5.000000e+08,4.000000e+08,1.000000e+09,1.000000e+08,4.000000e+08,2.000000e+08,9.000000e+08,7.000000e+08,7.000000e+08,4.000000e+08,
hArray=1.030000e+02,8.900000e+01,1.880000e+02,9.000000e+01,2.300000e+01,8.500000e+01,1.200000e+02,8.400000e+01,4.300000e+01,6.200000e+01,1.630000e+02,1.840000e+02,1.100000e+01,1.750000e+02,1.460000e+02,3.100000e+01,1.580000e+02,1.450000e+02,2.000000e+01,1.480000e+02,1.290000e+02,8.300000e+01,1.540000e+02,1.580000e+02,1.600000e+02,1.960000e+02,1.980000e+02,4.100000e+01,1.300000e+02,1.420000e+02,